0  3.91352  54.0954  0.0
50  12.9747  52.8066  0.0
100  25.9742  37.5363  0.0
150  16.435  43.5369  0.0
200  14.6815  40.8277  0.0
250  5.31577  45.5416  0.0
300  24.1131  36.5016  0.0
350  1.8215  61.2424  0.0
400  18.2947  54.339  0.0
450  17.6567  53.0298  0.0
500  11.3007  49.5077  0.0
550  22.5094  62.3828  0.0
600  28.4613  37.1468  0.0
650  28.9492  44.7237  0.0
700  33.341  25.0343  0.0
750  31.5344  37.4643  0.0
800  35.5195  17.0834  0.0
850  37.5602  11.9904  0.0
900  37.6733  2.5384  0.0
950  36.1038  0.268926  0.0
1000  45.9664  2.74186  0.0
1050  49.2279  8.41457  0.0
1100  39.5908  28.9532  0.0
1150  27.8561  45.8623  0.0
1200  12.0196  55.2114  0.0
1250  23.8423  36.3438  0.0
1300  24.9654  36.3001  0.0
1350  26.4634  33.5773  0.0
1400  25.333  25.5287  0.0
1450  39.9242  5.6757  0.0
1500  19.5478  40.66  0.0
1550  23.5147  37.5378  0.0
1600  20.269  32.8248  0.0
1650  24.3714  30.2387  0.0
1700  28.1499  50.3728  0.0
1750  32.8479  27.2521  0.0
1800  33.347  27.8712  0.0
1850  24.2629  37.9929  0.0
1900  31.6882  33.059  0.0
1950  28.527  45.8872  0.0
2000  27.6076  30.3149  0.0
2050  26.4456  37.8671  0.0
2100  30.8148  35.9707  0.0
2150  30.6981  23.685  0.0
2200  29.7724  31.0526  0.0
2250  23.3778  40.41  0.0
2300  20.6495  28.6022  0.0
2350  34.2645  33.7817  0.0
2400  28.4196  29.8526  0.0
2450  32.789  33.0968  0.0
2500  34.3536  33.4727  0.0
2550  36.3475  26.0026  0.0
2600  8.30326  50.6667  0.0
2650  20.2629  53.5619  0.0
2700  25.2482  34.7545  0.0
2750  24.0158  45.7033  0.0
2800  16.7295  28.8464  0.0
2850  28.9175  18.107  0.0
2900  31.0731  33.1986  0.0
2950  14.1601  42.2087  0.0
3000  26.7075  25.1542  0.0
3050  32.7891  21.8354  0.0
3100  19.5047  27.0016  0.0
3150  32.6227  2.27482  0.0
3200  36.4377  13.1099  0.0
3250  41.8773  -8.35659  0.0
3300  33.2586  13.9985  0.0
3350  25.0218  34.2183  0.0
3400  25.2865  19.8401  0.0
3450  29.9542  13.7494  0.0
3500  24.6376  28.696  0.0
3550  30.9039  18.1459  0.0
3600  16.7518  27.2294  0.0
3650  25.7217  24.4095  0.0
3700  27.3611  23.5901  0.0
3750  28.7533  25.1435  0.0
3800  16.3518  29.4662  0.0
3850  16.3024  34.2939  0.0
3900  23.7782  18.4885  0.0
3950  20.4547  24.2326  0.0
4000  30.6832  11.024  0.0
4050  33.7235  16.0991  0.0
4100  15.3386  25.6327  0.0
4150  30.5179  11.2701  0.0
4200  36.6601  1.82053  0.0
4250  42.3335  -4.1807  0.0
4300  31.8435  14.9684  0.0
4350  32.3315  19.6462  0.0
4400  30.9374  13.9058  0.0
4450  35.7584  3.36272  0.0
4500  44.6107  1.27517  0.0
4550  54.5893  4.97708  0.0
4600  43.1725  0.845823  0.0
4650  43.6478  -4.92935  0.0
4700  51.3533  -10.9041  0.0
4750  44.2363  -6.32385  0.0
4800  48.8342  4.76421  0.0
4850  31.1727  18.0723  0.0
4900  32.4542  16.2817  0.0
4950  28.2303  5.88384  0.0
5000  37.2096  5.62566  0.0
5050  44.5637  -0.934606  0.0
5100  47.3115  -0.553653  0.0
5150  55.7357  2.73188  0.0
5200  48.4139  0.159144  0.0
5250  48.8276  -6.33414  0.0
5300  46.0385  -5.28812  0.0
5350  41.0267  -5.03815  0.0
5400  46.0121  -6.42439  0.0
5450  47.2915  -13.7914  0.0
5500  37.7785  -1.49857  0.0
5550  57.0735  -16.5256  0.0
5600  38.3361  -3.88757  0.0
5650  47.6204  -10.917  0.0
5700  40.8204  0.142258  0.0
5750  37.3852  -7.85752  0.0
5800  40.0721  7.94997  0.0
5850  43.8015  -2.17616  0.0
5900  44.8878  -4.47924  0.0
5950  33.1543  -0.299958  0.0
6000  36.2357  -0.68215  0.0
6050  20.8594  30.3214  0.0
6100  31.2112  8.48345  0.0
6150  28.5264  8.72794  0.0
6200  32.2719  18.7467  0.0
6250  53.0852  -6.99529  0.0
6300  26.2026  17.2892  0.0
6350  30.3193  19.7449  0.0
6400  29.6095  6.90099  0.0
6450  45.5598  0.622936  0.0
6500  52.7404  -9.20435  0.0
6550  44.5558  -5.39945  0.0
6600  39.9802  -7.84244  0.0
6650  36.1569  -2.92235  0.0
6700  32.741  -0.439148  0.0
6750  16.6583  12.7017  0.0
6800  30.2527  8.52739  0.0
6850  35.1813  13.8406  0.0
6900  27.8223  6.02254  0.0
6950  38.8866  13.3724  0.0
7000  26.885  -1.30114  0.0
7050  23.2844  11.8845  0.0
7100  23.1117  21.7358  0.0
7150  10.1893  34.9192  0.0
7200  17.1665  33.888  0.0
7250  16.0172  11.7435  0.0
7300  15.3517  27.7982  0.0
7350  24.3988  7.1006  0.0
7400  31.2455  15.3829  0.0
7450  28.407  29.279  0.0
7500  22.4264  26.2555  0.0
7550  19.8162  22.0063  0.0
7600  18.802  24.462  0.0
7650  16.0816  33.6903  0.0
7700  19.9209  24.9047  0.0
7750  20.7488  41.8631  0.0
7800  11.486  48.1776  0.0
7850  11.3522  37.7011  0.0
7900  37.8683  33.0299  0.0
7950  33.0137  21.8419  0.0
8000  30.2403  17.6404  0.0
8050  28.4746  28.2663  0.0
8100  21.0833  19.7407  0.0
8150  32.3474  19.7968  0.0
8200  16.5897  22.1004  0.0
8250  23.6543  26.5827  0.0
8300  13.9301  37.8088  0.0
8350  21.1067  21.0268  0.0
8400  9.62652  33.8561  0.0
8450  13.3386  28.4776  0.0
8500  15.1803  34.9073  0.0
8550  26.377  36.5527  0.0
8600  27.2435  20.6482  0.0
8650  30.6404  18.5104  0.0
8700  27.1066  23.9875  0.0
8750  27.5024  27.5792  0.0
8800  23.2964  28.0801  0.0
8850  15.2628  29.3649  0.0
8900  12.7833  31.0258  0.0
8950  17.923  22.8955  0.0
9000  9.57176  26.7137  0.0
9050  7.38988  31.525  0.0
9100  14.0898  23.9317  0.0
9150  11.6923  29.9755  0.0
9200  17.9368  36.9452  0.0
9250  11.8944  38.0158  0.0
9300  26.0371  42.2959  0.0
9350  14.484  40.7388  0.0
9400  9.37014  41.4626  0.0
9450  23.8486  17.0127  0.0
9500  20.443  22.2849  0.0
9550  6.56862  37.0602  0.0
9600  10.1723  32.8882  0.0
9650  6.09197  37.3244  0.0
9700  5.87971  32.5769  0.0
9750  15.511  34.3698  0.0
9800  2.84663  35.7518  0.0
9850  3.31669  43.978  0.0
9900  10.9663  28.5977  0.0
9950  18.9078  35.5129  0.0
10000  31.4774  32.1982  0.0
10050  17.9834  35.7411  0.0
10100  18.8145  21.7071  0.0
10150  15.4837  23.325  0.0
10200  12.6549  31.0834  0.0
10250  16.4106  38.4584  0.0
10300  16.8992  29.2824  0.0
10350  18.5824  27.7761  0.0
10400  11.6246  35.7022  0.0
10450  21.5309  19.2539  0.0
10500  22.1171  11.4001  0.0
10550  25.9983  6.7617  0.0
10600  26.1555  10.1793  0.0
10650  33.8071  -0.56674  0.0
10700  29.7592  -4.40461  0.0
10750  36.9336  -11.74  0.0
10800  38.0633  -18.1428  0.0
10850  35.2836  -10.1051  0.0
10900  27.177  -10.5027  0.0
10950  38.8077  -9.75684  0.0
11000  29.0703  -12.7671  0.0
11050  27.7698  -7.90938  0.0
11100  31.0677  5.39383  0.0
11150  26.7876  -1.71518  0.0
11200  28.7954  7.63623  0.0
11250  9.01721  28.5623  0.0
11300  23.2449  6.47608  0.0
11350  16.8592  28.7074  0.0
11400  8.20962  29.2124  0.0
11450  7.27544  36.479  0.0
11500  8.76557  24.9912  0.0
11550  12.9626  27.1941  0.0
11600  12.2937  20.3788  0.0
11650  1.53902  38.807  0.0
11700  10.2454  29.4709  0.0
11750  4.12192  35.5778  0.0
11800  -8.11035  43.747  0.0
11850  0.698863  45.6615  0.0
11900  1.1226  33.5727  0.0
11950  -3.66468  47.513  0.0
12000  9.79061  45.7571  0.0
12050  4.47858  35.8366  0.0
12100  -1.04024  32.9063  0.0
12150  3.02679  48.1546  0.0
12200  4.1367  44.9185  0.0
12250  6.01456  46.1678  0.0
12300  -8.18262  57.0846  0.0
12350  7.0566  35.8235  0.0
12400  -4.81171  62.7637  0.0
12450  8.20198  44.6718  0.0
12500  14.6103  54.1302  0.0
12550  3.90271  47.2903  0.0
12600  9.0591  25.9289  0.0
12650  -2.01715  46.38  0.0
12700  10.2574  39.8419  0.0
12750  8.99233  43.0891  0.0
12800  12.4794  41.678  0.0
12850  9.40423  36.1248  0.0
12900  2.19157  50.0319  0.0
12950  1.06106  39.385  0.0
13000  4.46448  49.6929  0.0
13050  6.97074  50.956  0.0
13100  -4.12669  36.8017  0.0
13150  5.93268  39.0689  0.0
13200  10.5577  20.8147  0.0
13250  1.22569  29.9051  0.0
13300  14.5549  19.5605  0.0
13350  15.8794  18.7365  0.0
13400  8.25821  30.0867  0.0
13450  10.6721  23.9887  0.0
13500  9.15062  22.0004  0.0
13550  8.78489  24.9837  0.0
13600  5.97379  26.9255  0.0
13650  6.99275  29.2261  0.0
13700  4.74833  31.3052  0.0
13750  3.24216  22.7497  0.0
13800  14.821  9.18248  0.0
13850  9.84489  28.886  0.0
13900  11.7948  22.0741  0.0
13950  19.959  5.30491  0.0
14000  6.80443  33.8561  0.0
14050  11.5121  19.3901  0.0
14100  9.56301  32.6695  0.0
14150  8.87638  40.4535  0.0
14200  10.0386  29.6118  0.0
14250  13.2351  27.4266  0.0
14300  8.70101  30.3247  0.0
14350  11.4834  20.8782  0.0
14400  18.1687  17.3168  0.0
14450  6.6342  36.9021  0.0
14500  17.0053  13.4719  0.0
14550  26.4162  22.3263  0.0
14600  22.3837  14.1241  0.0
14650  19.2519  19.4037  0.0
14700  16.9384  15.6707  0.0
14750  15.5807  19.4126  0.0
14800  20.3099  6.04011  0.0
14850  18.3064  -7.92016  0.0
14900  11.0754  6.42482  0.0
14950  23.19  6.0745  0.0
15000  18.3429  24.5608  0.0
15050  11.9363  25.9473  0.0
15100  17.3687  10.116  0.0
15150  12.0172  18.3997  0.0
15200  10.1699  25.1328  0.0
15250  11.4222  20.6562  0.0
15300  5.2912  12.346  0.0
15350  17.9601  3.42287  0.0
15400  13.0865  15.9079  0.0
15450  14.2014  18.6506  0.0
15500  22.8527  4.34121  0.0
15550  16.2645  25.3669  0.0
15600  12.2555  9.36415  0.0
15650  20.0058  7.54018  0.0
15700  7.29212  24.4839  0.0
15750  23.3766  4.54158  0.0
15800  21.2208  -8.63733  0.0
15850  19.3345  4.40543  0.0
15900  19.2288  6.08839  0.0
15950  30.2202  -4.04748  0.0
16000  16.1756  -5.23653  0.0
16050  11.2914  4.78771  0.0
16100  27.8096  -8.12346  0.0
16150  15.272  -1.11145  0.0
16200  3.7406  20.705  0.0
16250  7.09336  19.4736  0.0
16300  15.5482  6.69739  0.0
16350  23.2216  -12.8237  0.0
16400  23.1218  3.33897  0.0
16450  19.0022  -6.48887  0.0
16500  13.8779  0.192017  0.0
16550  17.2958  -9.39596  0.0
16600  22.6152  -12.3213  0.0
16650  25.8158  -17.2353  0.0
16700  19.3246  -2.04166  0.0
16750  24.2384  -11.7901  0.0
16800  11.367  10.5531  0.0
16850  7.7763  5.49804  0.0
16900  22.7973  -11.8233  0.0
16950  10.809  -3.63439  0.0
17000  18.9685  -0.399018  0.0
17050  20.8555  -3.95221  0.0
17100  19.7604  -13.9476  0.0
17150  16.8929  -3.07467  0.0
17200  20.0834  1.23476  0.0
17250  11.2204  11.1196  0.0
17300  3.30727  4.00561  0.0
17350  15.5392  5.70972  0.0
17400  20.2434  -12.2499  0.0
17450  9.55696  5.65479  0.0
17500  10.3236  4.57427  0.0
17550  10.5719  5.71878  0.0
17600  20.7201  -3.18013  0.0
17650  20.6511  -2.44338  0.0
17700  15.6344  3.17507  0.0
17750  17.1492  1.78056  0.0
17800  3.69024  24.2017  0.0
17850  22.7465  -2.34988  0.0
17900  7.97997  10.9476  0.0
17950  18.4986  9.69016  0.0
18000  27.7245  -4.00341  0.0
18050  20.6741  3.48224  0.0
18100  15.9542  10.2016  0.0
18150  18.5713  -4.40727  0.0
18200  20.1807  -6.29862  0.0
18250  26.6701  -12.8932  0.0
18300  26.9648  -3.68925  0.0
18350  26.9341  -11.2151  0.0
18400  28.8054  -18.9512  0.0
18450  31.6846  0.50573  0.0
18500  26.6634  -14.1874  0.0
18550  25.7545  -2.69966  0.0
18600  19.6492  3.57412  0.0
18650  7.07721  15.2284  0.0
18700  17.6127  7.43981  0.0
18750  20.607  0.799362  0.0
18800  38.0246  -4.32223  0.0
18850  27.3014  -0.0652028  0.0
18900  30.4643  -17.9006  0.0
18950  30.3397  5.75577  0.0
19000  25.5526  15.5308  0.0
19050  15.5809  12.0107  0.0
19100  13.1049  26.8166  0.0
19150  23.631  6.89795  0.0
19200  8.93546  9.6819  0.0
19250  31.883  -0.449185  0.0
19300  18.982  15.9288  0.0
19350  11.6823  15.5023  0.0
19400  9.01632  33.7063  0.0
19450  25.2756  19.9974  0.0
19500  19.2519  21.3397  0.0
19550  25.3146  7.22316  0.0
19600  14.5994  16.4956  0.0
19650  24.5256  6.10761  0.0
19700  23.5954  9.95085  0.0
19750  29.5059  6.91879  0.0
19800  27.3836  13.5852  0.0
19850  18.2216  16.1174  0.0
19900  18.3217  15.763  0.0
19950  23.8126  6.98634  0.0
20000  18.8704  16.2543  0.0
20050  21.2743  -1.84694  0.0
20100  12.965  13.5162  0.0
20150  20.113  19.7829  0.0
20200  11.3711  10.3271  0.0
20250  15.1267  9.30109  0.0
20300  24.2331  -5.06637  0.0
20350  18.9985  -1.94042  0.0
20400  22.6711  -4.90806  0.0
20450  19.0903  -1.58729  0.0
20500  24.3331  -4.64639  0.0
20550  10.1315  14.057  0.0
20600  24.2064  2.98047  0.0
20650  17.7513  9.25622  0.0
20700  20.0554  13.3117  0.0
20750  11.2004  16.3555  0.0
20800  13.3673  19.5998  0.0
20850  14.5085  11.2024  0.0
20900  10.3497  11.5793  0.0
20950  -3.43321  24.5037  0.0
21000  12.7154  19.013  0.0
21050  17.0764  7.49652  0.0
21100  9.30972  10.371  0.0
21150  19.0898  1.25019  0.0
21200  12.3969  -3.43116  0.0
21250  26.333  -4.87344  0.0
21300  21.9422  9.6341  0.0
21350  2.14386  16.2789  0.0
21400  13.7476  2.97704  0.0
21450  10.6258  4.69192  0.0
21500  17.3544  4.78961  0.0
21550  9.15507  2.00896  0.0
21600  14.6177  5.06872  0.0
21650  7.21714  1.80801  0.0
21700  2.89776  18.0283  0.0
21750  5.90856  12.6215  0.0
21800  14.3862  -1.62989  0.0
21850  10.7078  6.8621  0.0
21900  16.5301  -0.907757  0.0
21950  11.3068  -2.04034  0.0
22000  11.3778  3.99941  0.0
22050  9.75665  2.4823  0.0
22100  11.4412  6.13747  0.0
22150  6.95612  0.623522  0.0
22200  6.75421  10.2383  0.0
22250  13.0649  -8.1244  0.0
22300  9.65995  0.441295  0.0
22350  10.131  12.793  0.0
22400  12.4092  -2.19423  0.0
22450  9.09278  10.7332  0.0
22500  9.49119  -2.54772  0.0
22550  3.69473  10.7404  0.0
22600  12.0124  -9.18584  0.0
22650  22.4646  -15.7955  0.0
22700  25.1547  -14.0256  0.0
22750  16.7973  -9.06764  0.0
22800  21.3038  -11.7482  0.0
22850  12.4699  -2.42574  0.0
22900  11.6742  -9.84436  0.0
22950  22.31  -10.0694  0.0
23000  29.4437  -20.6645  0.0
23050  24.0179  -17.7685  0.0
23100  22.3368  -23.1684  0.0
23150  17.522  -6.80011  0.0
23200  10.8984  1.87503  0.0
23250  19.409  -7.86781  0.0
23300  9.05622  2.825  0.0
23350  15.1325  -12.6484  0.0
23400  21.5062  -10.9668  0.0
23450  16.2185  -11.6632  0.0
23500  17.8886  -4.46107  0.0
23550  13.9973  3.24218  0.0
23600  13.6185  0.540723  0.0
23650  10.0628  3.21498  0.0
23700  12.2442  4.21723  0.0
23750  14.4271  7.29825  0.0
23800  10.5169  0.409114  0.0
23850  3.41547  11.6382  0.0
23900  1.31131  17.8929  0.0
23950  9.0713  2.84142  0.0
24000  4.7241  -0.36702  0.0
24050  -3.6468  19.6298  0.0
24100  -0.38658  14.5832  0.0
24150  3.04482  11.2139  0.0
24200  -3.04112  23.872  0.0
24250  9.31918  21.5389  0.0
24300  3.231  20.8757  0.0
24350  4.39395  8.62276  0.0
24400  0.810113  24.2119  0.0
24450  13.5869  6.35683  0.0
24500  7.09172  13.7  0.0
24550  7.71597  16.4351  0.0
24600  17.3459  3.18528  0.0
24650  10.7443  11.8064  0.0
24700  5.44857  14.1912  0.0
24750  8.69623  -2.07297  0.0
24800  10.7534  -3.82783  0.0
24850  4.12813  12.0842  0.0
24900  8.03793  7.36208  0.0
24950  6.62317  4.24857  0.0
25000  3.57725  13.7233  0.0
25050  21.0042  1.92247  0.0
25100  14.1953  -3.60821  0.0
25150  8.81759  -5.24513  0.0
25200  17.6205  -10.4466  0.0
25250  17.0929  -7.34546  0.0
25300  18.072  -5.29227  0.0
25350  21.7283  -15.0524  0.0
25400  21.257  -12.2905  0.0
25450  20.9923  -13.0099  0.0
25500  7.93783  4.78622  0.0
25550  19.1527  -4.10005  0.0
25600  20.917  -9.56432  0.0
25650  17.5087  -4.77383  0.0
25700  19.3559  -8.65629  0.0
25750  20.5745  -14.8965  0.0
25800  24.0133  -20.9289  0.0
25850  21.3174  -14.9057  0.0
25900  11.4682  1.01204  0.0
25950  15.0899  -0.0799444  0.0
26000  9.81565  -7.23344  0.0
26050  12.1344  7.5906  0.0
26100  16.4903  -4.39987  0.0
26150  18.0545  -9.6316  0.0
26200  2.83093  3.49594  0.0
26250  22.136  -12.9649  0.0
26300  31.2495  -20.3763  0.0
26350  6.51663  -3.70327  0.0
26400  19.1941  -11.3481  0.0
26450  9.23682  3.26041  0.0
26500  8.15952  -1.38563  0.0
26550  6.66143  9.90299  0.0
26600  23.0372  -7.52077  0.0
26650  7.43517  22.5972  0.0
26700  11.3744  5.8964  0.0
26750  15.5819  -2.34906  0.0
26800  11.2075  -1.21606  0.0
26850  15.8381  0.0266319  0.0
26900  26.2325  -16.8062  0.0
26950  12.9468  -9.66164  0.0
27000  18.9753  -8.10422  0.0
27050  12.5961  -2.70727  0.0
27100  14.3681  -9.36118  0.0
27150  15.053  -6.19523  0.0
27200  15.7371  -15.2164  0.0
27250  18.8267  -8.01449  0.0
27300  24.602  -10.0148  0.0
27350  17.1707  -14.5352  0.0
27400  17.8552  -13.3569  0.0
27450  20.6105  -15.9076  0.0
27500  19.0732  -12.8246  0.0
27550  22.7496  -9.90021  0.0
27600  12.5177  -5.85395  0.0
27650  16.5068  -8.18024  0.0
27700  19.7827  -1.41821  0.0
27750  12.5499  -8.98516  0.0
27800  8.76846  2.4134  0.0
27850  12.7238  -7.39713  0.0
27900  19.0868  -8.82449  0.0
27950  21.3836  -9.41056  0.0
28000  16.9287  -7.95444  0.0
28050  22.2976  -12.9448  0.0
28100  13.1081  -8.59861  0.0
28150  11.8108  -6.16061  0.0
28200  17.7511  -13.4536  0.0
28250  20.3078  -6.52068  0.0
28300  14.7634  -14.9268  0.0
28350  16.3184  -5.7785  0.0
28400  19.6728  -16.0779  0.0
28450  10.8264  -7.44519  0.0
28500  12.8852  -1.30483  0.0
28550  21.8095  -9.57538  0.0
28600  20.64  -15.0157  0.0
28650  24.2382  -17.1358  0.0
28700  16.1948  -16.3518  0.0
28750  13.2105  -10.2338  0.0
28800  20.8917  -24.0105  0.0
28850  13.602  -11.3158  0.0
28900  26.0931  -19.8871  0.0
28950  18.9383  -21.3909  0.0
29000  20.9535  -9.51018  0.0
29050  23.3211  -18.3526  0.0
29100  8.24306  2.22255  0.0
29150  19.1774  -15.525  0.0
29200  16.3146  -11.0702  0.0
29250  20.0371  -24.1203  0.0
29300  2.89289  4.27751  0.0
29350  8.94609  -11.8493  0.0
29400  10.5227  -4.52917  0.0
29450  6.18846  -3.83269  0.0
29500  6.49519  -1.51816  0.0
29550  15.1023  -15.7056  0.0
29600  9.03145  -11.1556  0.0
29650  10.728  -2.42435  0.0
29700  6.98369  -2.95963  0.0
29750  5.68541  -2.37824  0.0
29800  14.2005  -16.4117  0.0
29850  17.8278  -7.08739  0.0
29900  21.6517  -16.6092  0.0
29950  17.6001  -10.8098  0.0
30000  10.9395  -11.361  0.0
30050  13.1422  -1.26217  0.0
30100  20.1984  -14.3914  0.0
30150  12.8672  -10.4803  0.0
30200  15.1973  -6.27681  0.0
30250  9.75035  -4.22345  0.0
30300  19.205  -7.05646  0.0
30350  23.7976  -13.2155  0.0
30400  24.7958  -14.6302  0.0
30450  24.0641  -18.2761  0.0
30500  16.0606  -10.6428  0.0
30550  15.0126  -0.410086  0.0
30600  16.6195  -4.67008  0.0
30650  11.4931  -7.64843  0.0
30700  11.529  -7.39515  0.0
30750  21.1729  -16.4485  0.0
30800  13.2317  1.86892  0.0
30850  22.4286  -17.0876  0.0
30900  13.4981  -16.6825  0.0
30950  11.4089  4.0222  0.0
31000  16.8949  -6.85321  0.0
31050  17.4348  5.64686  0.0
31100  7.77237  14.6037  0.0
31150  17.2887  0.84946  0.0
31200  6.24982  4.69123  0.0
31250  8.50595  0.901914  0.0
31300  7.11317  9.22851  0.0
31350  7.45333  4.04712  0.0
31400  11.5028  -6.49793  0.0
31450  20.0334  -5.45907  0.0
31500  16.0051  -6.96297  0.0
31550  17.5103  -3.74336  0.0
31600  16.361  -5.96826  0.0
31650  21.98  -12.5968  0.0
31700  11.1813  1.95064  0.0
31750  -2.32863  13.1079  0.0
31800  15.2871  -0.989082  0.0
31850  -7.73989  21.2306  0.0
31900  0.543645  11.2357  0.0
31950  12.2377  -12.0002  0.0
32000  11.5552  -7.6949  0.0
32050  15.57  -9.03393  0.0
32100  1.82297  -1.79345  0.0
32150  2.87659  -6.39778  0.0
32200  -5.15834  11.2187  0.0
32250  -2.19568  10.7854  0.0
32300  9.44265  1.14449  0.0
32350  1.80939  4.46372  0.0
32400  14.032  -6.08132  0.0
32450  13.2853  -4.33234  0.0
32500  16.108  -11.2851  0.0
32550  8.61738  -1.74206  0.0
32600  18.3911  -7.00456  0.0
32650  0.39556  -9.57515  0.0
32700  14.2815  -17.008  0.0
32750  6.54776  4.51317  0.0
32800  12.3893  -14.4715  0.0
32850  12.9993  -16.7143  0.0
32900  -0.863174  -4.38017  0.0
32950  4.25365  -7.22832  0.0
33000  -1.57233  5.92462  0.0
33050  1.07647  -6.15162  0.0
33100  5.4023  4.70274  0.0
33150  5.39053  -8.73498  0.0
33200  -5.82573  -2.28638  0.0
33250  -1.64103  5.45356  0.0
33300  15.3849  -12.5017  0.0
33350  -1.38292  0.312024  0.0
33400  16.3905  -12.1894  0.0
33450  14.7186  -15.8817  0.0
33500  17.1311  -21.4726  0.0
33550  13.3203  -7.21305  0.0
33600  14.0545  -6.70793  0.0
33650  11.1088  -10.5084  0.0
33700  17.4718  -11.4475  0.0
33750  7.467  -1.13011  0.0
33800  14.5351  -3.24241  0.0
33850  13.2951  -9.76302  0.0
33900  3.84592  -3.44976  0.0
33950  15.5717  -0.485694  0.0
34000  2.89759  -0.352142  0.0
34050  9.18067  -3.0459  0.0
34100  1.83708  19.3791  0.0
34150  9.09426  -10.0888  0.0
34200  5.29323  3.01582  0.0
34250  9.36766  -3.90099  0.0
34300  2.96902  5.58978  0.0
34350  -3.43634  2.48632  0.0
34400  10.6958  -7.70714  0.0
34450  -0.148968  8.25638  0.0
34500  10.2154  0.310007  0.0
34550  3.10857  7.67012  0.0
34600  -4.95057  6.30174  0.0
34650  17.9432  -8.52444  0.0
34700  12.268  -4.18709  0.0
34750  15.5178  -6.73874  0.0
34800  3.84941  2.06351  0.0
34850  3.69408  -3.75764  0.0
34900  5.39262  -2.30204  0.0
34950  2.57451  -7.35354  0.0
35000  6.04679  -6.05383  0.0
35050  3.16033  -7.23185  0.0
35100  13.5232  -15.6766  0.0
35150  12.9771  -12.413  0.0
35200  6.63656  -0.374081  0.0
35250  7.29016  -12.1296  0.0
35300  4.06714  3.49883  0.0
35350  -2.12383  7.13628  0.0
35400  11.7174  -10.0506  0.0
35450  15.0141  -3.27692  0.0
35500  11.3067  -14.0872  0.0
35550  4.409  0.882008  0.0
35600  21.8096  -22.8427  0.0
35650  20.8809  -14.0348  0.0
35700  17.9162  -16.1638  0.0
35750  14.1905  -16.5583  0.0
35800  13.1379  -7.63578  0.0
35850  12.7013  -9.22731  0.0
35900  18.2059  -14.7741  0.0
35950  17.3214  -9.46193  0.0
36000  27.3947  -18.412  0.0
36050  10.4478  -7.78037  0.0
36100  17.2866  -9.00793  0.0
36150  10.4079  -5.52727  0.0
36200  13.9481  -6.7615  0.0
36250  8.46218  -0.955496  0.0
36300  14.4261  -2.94675  0.0
36350  14.7239  -12.4497  0.0
36400  3.9209  10.0964  0.0
36450  0.611556  12.0698  0.0
36500  12.3146  3.72964  0.0
36550  8.67308  1.73658  0.0
36600  13.8411  -1.67571  0.0
36650  14.7129  -4.47271  0.0
36700  20.7467  0.93345  0.0
36750  11.4761  -5.01827  0.0
36800  17.8877  -10.2574  0.0
36850  13.9815  -4.75044  0.0
36900  12.7436  -2.90053  0.0
36950  4.9735  3.02082  0.0
37000  9.04876  5.08159  0.0
37050  5.57004  1.59996  0.0
37100  10.1003  2.84538  0.0
37150  7.49471  -3.71565  0.0
37200  12.0468  -6.92803  0.0
37250  5.42318  4.28965  0.0
37300  12.6516  -6.20606  0.0
37350  0.53007  -2.7354  0.0
37400  9.96039  -3.60214  0.0
37450  4.58187  3.38804  0.0
37500  4.06548  3.18333  0.0
37550  13.5207  -7.42971  0.0
37600  9.34116  -8.65242  0.0
37650  11.1377  -4.63049  0.0
37700  0.059762  14.8075  0.0
37750  14.8729  -6.34659  0.0
37800  11.4212  -0.309431  0.0
37850  10.4802  -2.54702  0.0
37900  10.932  -2.83414  0.0
37950  9.92925  7.57121  0.0
38000  5.86275  -1.97857  0.0
38050  13.071  -0.894293  0.0
38100  -0.194245  5.52363  0.0
38150  -0.428448  5.93707  0.0
38200  -4.38762  18.4551  0.0
38250  2.30156  8.79884  0.0
38300  5.15938  12.0607  0.0
38350  6.31227  -4.22734  0.0
38400  10.587  -2.04901  0.0
38450  15.5228  -18.742  0.0
38500  15.1285  -11.4485  0.0
38550  11.1455  -7.23635  0.0
38600  1.57898  0.546417  0.0
38650  9.33966  -4.99651  0.0
38700  4.79732  -2.83247  0.0
38750  12.5695  -10.7192  0.0
38800  11.2407  -17.0803  0.0
38850  -5.13835  -6.92216  0.0
38900  13.8854  -14.3858  0.0
38950  12.7705  -8.04878  0.0
39000  8.11541  0.816982  0.0
39050  5.29751  5.73294  0.0
39100  3.33999  -3.28833  0.0
39150  16.7671  -11.3885  0.0
39200  12.3503  -1.24757  0.0
39250  6.73628  -7.11955  0.0
39300  13.7384  -14.7641  0.0
39350  7.83593  -14.2818  0.0
39400  12.7431  -15.8781  0.0
39450  2.71232  -10.1408  0.0
39500  -2.31664  -1.80002  0.0
39550  7.02443  -3.19297  0.0
39600  -4.13413  3.99905  0.0
39650  9.85508  -13.9801  0.0
39700  16.5042  -16.1075  0.0
39750  11.04  -9.75504  0.0
39800  10.4448  -3.74429  0.0
39850  12.595  -15.3252  0.0
39900  13.0116  -11.7695  0.0
39950  14.3213  -16.2871  0.0
40000  14.8355  -17.651  0.0
40050  13.6974  -9.30652  0.0
40100  4.69469  -5.93791  0.0
40150  7.94785  -3.72957  0.0
40200  10.5616  -5.53262  0.0
40250  10.3286  -19.6066  0.0
40300  7.79576  -12.5699  0.0
40350  11.2664  -10.3116  0.0
40400  25.7374  -23.6131  0.0
40450  24.6017  -19.1708  0.0
40500  6.39328  -12.889  0.0
40550  16.9968  -18.7586  0.0
40600  -1.44014  -9.08996  0.0
40650  4.12754  -12.0684  0.0
40700  -2.07843  -0.276037  0.0
40750  0.852893  -2.45897  0.0
40800  6.95636  -13.3887  0.0
40850  -9.72959  2.19614  0.0
40900  -4.549  0.237663  0.0
40950  6.20665  -6.55008  0.0
41000  -4.82998  -5.49302  0.0
41050  8.2773  -9.88685  0.0
41100  5.34151  -11.2557  0.0
41150  7.90223  -16.8756  0.0
41200  5.21875  -14.2037  0.0
41250  5.71948  -15.0861  0.0
41300  7.0971  -9.592  0.0
41350  15.0968  -16.0405  0.0
41400  17.0907  -22.7971  0.0
41450  2.73091  -16.9277  0.0
41500  14.2984  -17.0693  0.0
41550  3.20663  -19.4515  0.0
41600  9.62628  -25.3597  0.0
41650  14.6767  -20.0506  0.0
41700  13.9967  -16.9945  0.0
41750  5.49563  -10.485  0.0
41800  5.9963  -14.8732  0.0
41850  14.5484  -22.1632  0.0
41900  7.2365  -10.8863  0.0
41950  8.18469  -19.2806  0.0
42000  11.6686  -20.3357  0.0
42050  8.01306  -16.7735  0.0
42100  4.78435  -14.2655  0.0
42150  -3.23939  -6.37517  0.0
42200  6.62524  -21.4378  0.0
42250  -5.81914  -2.14357  0.0
42300  8.77265  -12.7136  0.0
42350  -6.35998  -0.0411761  0.0
42400  -10.0607  -2.74805  0.0
42450  -9.88078  -1.91835  0.0
42500  -15.087  8.82268  0.0
42550  -16.029  -3.72252  0.0
42600  -14.82  7.99732  0.0
42650  -15.1443  5.3485  0.0
42700  4.71762  -15.7412  0.0
42750  0.707016  -8.21711  0.0
42800  8.01775  -8.95825  0.0
42850  9.57198  -25.5466  0.0
42900  9.44546  -24.1044  0.0
42950  4.3215  -16.4761  0.0
43000  6.71163  -14.9922  0.0
43050  3.67522  -12.4773  0.0
43100  -1.68035  -15.6352  0.0
43150  4.5989  -9.93422  0.0
43200  6.4531  -12.5874  0.0
43250  8.00936  -14.7696  0.0
43300  11.9648  -16.8268  0.0
43350  2.18556  -15.4206  0.0
43400  4.39035  -15.3006  0.0
43450  9.23966  -18.9864  0.0
43500  14.7968  -17.3165  0.0
43550  13.5772  -22.1917  0.0
43600  6.40728  -13.917  0.0
43650  6.04728  -10.7733  0.0
43700  8.88925  -0.151723  0.0
43750  17.8146  -17.6708  0.0
43800  13.2936  -14.9407  0.0
43850  18.0847  -17.2148  0.0
43900  21.2463  -23.5955  0.0
43950  17.3709  -15.868  0.0
44000  14.1299  -18.9425  0.0
44050  16.8048  -15.8207  0.0
44100  17.1269  -17.1103  0.0
44150  16.9691  -19.336  0.0
44200  10.2495  -11.6109  0.0
44250  -0.123686  -1.58636  0.0
44300  13.8712  -11.9696  0.0
44350  17.9809  -13.4738  0.0
44400  10.7613  -12.195  0.0
44450  10.7047  -5.65169  0.0
44500  17.3375  -18.2997  0.0
44550  7.22748  -3.25072  0.0
44600  11.0659  -14.1483  0.0
44650  12.7855  -15.9074  0.0
44700  18.1536  -16.8846  0.0
44750  19.9183  -11.869  0.0
44800  -2.56649  0.717999  0.0
44850  11.9612  -13.6757  0.0
44900  13.3397  -9.97288  0.0
44950  12.4135  -17.5924  0.0
45000  20.8375  -20.4045  0.0
45050  13.4016  -12.7446  0.0
45100  11.9293  -20.2853  0.0
45150  4.97114  -5.24485  0.0
45200  12.2564  -13.2118  0.0
45250  4.50752  2.91038  0.0
45300  17.2148  -3.80361  0.0
45350  0.87485  2.49116  0.0
45400  6.07213  0.678722  0.0
45450  15.512  -15.3671  0.0
45500  14.5636  -14.2194  0.0
45550  -4.81812  1.47235  0.0
45600  -14.5042  20.0029  0.0
45650  -8.00229  11.127  0.0
45700  -0.84913  -0.846394  0.0
45750  -1.6279  6.66392  0.0
45800  -7.34983  3.47476  0.0
45850  -12.6245  17.0514  0.0
45900  2.79656  13.3509  0.0
45950  16.4874  -15.6121  0.0
46000  3.45867  7.99448  0.0
46050  -1.21411  13.4075  0.0
46100  9.42519  -0.024437  0.0
46150  4.40011  9.72402  0.0
46200  4.84756  6.58907  0.0
46250  -9.09591  11.8079  0.0
46300  1.09129  4.92133  0.0
46350  12.0712  -6.76427  0.0
46400  11.778  -5.16082  0.0
46450  15.2554  -1.52353  0.0
46500  16.5474  -10.6155  0.0
46550  20.0475  -11.5225  0.0
46600  12.4031  -10.1746  0.0
46650  23.4286  -18.3126  0.0
46700  15.2793  -12.4715  0.0
46750  17.6851  -9.061  0.0
46800  16.7714  -8.58372  0.0
46850  10.1351  -10.0421  0.0
46900  12.5369  2.14594  0.0
46950  4.38503  5.57745  0.0
47000  3.41849  6.24963  0.0
47050  4.94429  4.55403  0.0
47100  10.7766  9.31001  0.0
47150  7.91571  5.90131  0.0
47200  7.28432  5.18717  0.0
47250  0.64913  1.32233  0.0
47300  11.2238  -4.77462  0.0
47350  9.60878  -0.731099  0.0
47400  2.04369  11.3558  0.0
47450  2.89358  3.20459  0.0
47500  7.02371  15.5229  0.0
47550  11.2538  2.10418  0.0
47600  5.4158  9.88352  0.0
47650  8.04344  -0.864423  0.0
47700  14.8791  -0.229157  0.0
47750  -2.84289  -1.66406  0.0
47800  13.9076  -3.1738  0.0
47850  11.6078  2.96116  0.0
47900  6.24737  6.17077  0.0
47950  -2.32227  -1.09711  0.0
48000  7.45024  6.85587  0.0
48050  9.16693  2.56029  0.0
48100  9.69855  4.31688  0.0
48150  24.744  -16.929  0.0
48200  13.5644  1.61383  0.0
48250  20.258  -12.8055  0.0
48300  16.8412  -4.9293  0.0
48350  21.933  -17.0583  0.0
48400  23.0295  -1.9568  0.0
48450  26.3681  -13.1374  0.0
48500  9.37392  7.49304  0.0
48550  20.0154  7.948  0.0
48600  14.8269  -3.0883  0.0
48650  29.1177  -18.0329  0.0
48700  18.628  -13.6189  0.0
48750  17.0426  -9.6667  0.0
48800  25.1633  -12.8585  0.0
48850  25.0155  -14.7857  0.0
48900  16.8237  -7.36686  0.0
48950  19.8775  -3.03649  0.0
49000  16.4431  9.78016  0.0
49050  22.8566  -5.57528  0.0
49100  23.0703  -7.57675  0.0
49150  24.6231  -10.8508  0.0
49200  23.8118  -13.5114  0.0
49250  34.8196  -17.0264  0.0
49300  21.3486  -9.19634  0.0
49350  15.2004  -6.89105  0.0
49400  11.2887  13.5548  0.0
49450  18.5343  6.38208  0.0
49500  18.1961  -6.36984  0.0
49550  14.2651  8.00578  0.0
49600  12.0377  7.37243  0.0
49650  10.8708  10.6818  0.0
49700  10.0368  15.8895  0.0
49750  9.94561  3.90771  0.0
49800  18.8137  0.815642  0.0
49850  26.0034  -10.8807  0.0
49900  19.4633  3.94097  0.0
49950  19.9916  -7.99375  0.0